function [y,xex,xen,z,wx,wz,ym] = Data
% *************************************************************************
% FUNCTION Data

%
% Outputs:
% --------
% y      : regressando
% xex    : regressores exogenos
% xen    : regressores endogenos
% z      : variavel de transicao (funcao logistica)
% wx     : instrumentos para x
% wz     : instrumentos para z
% ym     : periodos
%
% -------------------
%
%
%**************************************************************************
% 1. BASE DE DADOS
%**************************************************************************
%
% y	m	i	inf_esperada_12m	x	meta	dif_inflacao
base = [
2003	01	25.50	10.85	0.36	4.00	6.85
2003	02	26.50	10.33	0.11	4.00	6.33
2003	03	26.50	9.30	-0.16	4.00	5.30
2003	04	26.50	8.52	-0.39	4.00	4.52
2003	05	26.50	8.18	-0.58	4.00	4.18
2003	06	26.00	7.13	-0.70	4.00	3.13
2003	07	24.50	6.67	-0.75	4.00	2.67
2003	08	22.00	6.33	-0.68	4.00	2.33
2003	09	20.00	6.36	-0.51	4.00	2.36
2003	10	19.00	6.08	-0.31	4.00	2.08
2003	11	17.50	5.91	-0.14	4.00	1.91
2003	12	16.50	5.93	0.00	4.00	1.93
2004	01	16.50	5.85	0.09	5.50	0.35
2004	02	16.50	5.46	0.18	5.50	-0.04
2004	03	16.25	5.48	0.29	5.50	-0.02
2004	04	16.00	5.54	0.43	5.50	0.04
2004	05	16.00	5.82	0.60	5.50	0.32
2004	06	16.00	6.19	0.77	5.50	0.69
2004	07	16.00	6.10	0.93	5.50	0.60
2004	08	16.00	6.26	1.04	5.50	0.76
2004	09	16.25	6.18	1.07	5.50	0.68
2004	10	16.75	6.24	1.01	5.50	0.74
2004	11	17.25	6.05	0.91	5.50	0.55
2004	12	17.75	5.83	0.79	5.50	0.33
2005	01	18.25	5.61	0.67	4.50	1.11
2005	02	18.75	5.45	0.57	4.50	0.95
2005	03	19.25	5.46	0.48	4.50	0.96
2005	04	19.50	5.59	0.37	4.50	1.09
2005	05	19.75	5.21	0.23	4.50	0.71
2005	06	19.75	5.00	0.03	4.50	0.50
2005	07	19.75	4.99	-0.19	4.50	0.49
2005	08	19.75	4.92	-0.41	4.50	0.42
2005	09	19.50	4.69	-0.60	4.50	0.19
2005	10	19.00	4.64	-0.70	4.50	0.14
2005	11	18.50	4.63	-0.72	4.50	0.13
2005	12	18.00	4.62	-0.69	4.50	0.12
2006	01	17.25	4.57	-0.67	4.50	0.07
2006	02	17.25	4.43	-0.71	4.50	-0.07
2006	03	16.50	4.25	-0.82	4.50	-0.25
2006	04	15.75	4.13	-0.95	4.50	-0.37
2006	05	15.25	4.21	-1.05	4.50	-0.29
2006	06	15.25	4.34	-1.08	4.50	-0.16
2006	07	14.75	4.43	-1.05	4.50	-0.07
2006	08	14.25	4.53	-0.99	4.50	0.03
2006	09	14.25	4.10	-0.89	4.50	-0.40
2006	10	13.75	4.06	-0.75	4.50	-0.44
2006	11	13.25	4.18	-0.55	4.50	-0.32
2006	12	13.25	4.06	-0.33	4.50	-0.44
2007	01	13.00	4.00	-0.10	4.50	-0.50
2007	02	13.00	3.79	0.10	4.50	-0.71
2007	03	12.75	3.70	0.27	4.50	-0.80
2007	04	12.50	3.50	0.42	4.50	-1.00
2007	05	12.50	3.40	0.56	4.50	-1.10
2007	06	12.00	3.52	0.69	4.50	-0.98
2007	07	11.50	3.65	0.81	4.50	-0.85
2007	08	11.50	3.74	0.93	4.50	-0.76
2007	09	11.25	3.84	1.03	4.50	-0.66
2007	10	11.25	3.83	1.10	4.50	-0.67
2007	11	11.25	3.96	1.12	4.50	-0.54
2007	12	11.25	3.96	1.14	4.50	-0.54
2008	01	11.25	4.30	1.19	4.50	-0.20
2008	02	11.25	4.26	1.32	4.50	-0.24
2008	03	11.25	4.35	1.51	4.50	-0.15
2008	04	11.75	4.41	1.75	4.50	-0.09
2008	05	11.75	4.79	1.94	4.50	0.29
2008	06	12.25	5.29	2.01	4.50	0.79
2008	07	13.00	5.37	1.85	4.50	0.87
2008	08	13.00	5.26	1.41	4.50	0.76
2008	09	13.75	5.16	0.68	4.50	0.66
2008	10	13.75	5.32	-0.26	4.50	0.82
2008	11	13.75	5.44	-1.29	4.50	0.94
2008	12	13.75	4.96	-2.19	4.50	0.46
2009	01	12.75	4.69	-2.80	4.50	0.19
2009	02	12.75	4.58	-3.07	4.50	0.08
2009	03	11.25	4.21	-3.09	4.50	-0.29
2009	04	10.25	4.14	-2.92	4.50	-0.36
2009	05	10.25	4.02	-2.62	4.50	-0.48
2009	06	9.25	4.09	-2.26	4.50	-0.41
2009	07	8.75	4.08	-1.85	4.50	-0.42
2009	08	8.75	4.07	-1.42	4.50	-0.43
2009	09	8.75	4.25	-0.98	4.50	-0.25
2009	10	8.75	4.29	-0.59	4.50	-0.21
2009	11	8.75	4.40	-0.28	4.50	-0.10
2009	12	8.75	4.40	-0.04	4.50	-0.10
2010	01	8.75	4.51	0.14	4.50	0.01
2010	02	8.75	4.49	0.29	4.50	-0.01
2010	03	8.75	4.62	0.43	4.50	0.12
2010	04	9.50	4.72	0.55	4.50	0.22
2010	05	9.50	4.76	0.63	4.50	0.26
2010	06	10.25	4.85	0.66	4.50	0.35
2010	07	10.75	4.97	0.67	4.50	0.47
2010	08	10.75	5.02	0.68	4.50	0.52
2010	09	10.75	5.14	0.70	4.50	0.64
2010	10	10.75	5.16	0.73	4.50	0.66
2010	11	10.75	5.36	0.77	4.50	0.86
2010	12	10.75	5.35	0.80	4.50	0.85
2011	01	11.25	5.51	0.81	4.50	1.01
2011	02	11.25	5.35	0.82	4.50	0.85
2011	03	11.75	5.34	0.82	4.50	0.84
2011	04	12.00	5.34	0.81	4.50	0.84
2011	05	12.00	5.04	0.76	4.50	0.54
2011	06	12.25	5.18	0.67	4.50	0.68
2011	07	12.50	5.40	0.52	4.50	0.90
2011	08	12.50	5.45	0.32	4.50	0.95
2011	09	12.00	5.71	0.09	4.50	1.21
2011	10	11.50	5.62	-0.11	4.50	1.12
2011	11	11.00	5.54	-0.26	4.50	1.04
2011	12	11.00	5.48	-0.34	4.50	0.98
2012	01	10.50	5.31	-0.38	4.50	0.81
2012	02	10.50	5.30	-0.38	4.50	0.80
2012	03	9.75	5.40	-0.37	4.50	0.90
2012	04	9.00	5.54	-0.37	4.50	1.04
2012	05	8.50	5.50	-0.37	4.50	1.00
2012	06	8.50	5.50	-0.35	4.50	1.00
2012	07	8.00	5.56	-0.31	4.50	1.06
2012	08	7.50	5.65	-0.26	4.50	1.15
2012	09	7.50	5.52	-0.21	4.50	1.02
2012	10	7.25	5.37	-0.16	4.50	0.87
2012	11	7.25	5.39	-0.14	4.50	0.89
2012	12	7.25	5.52	-0.13	4.50	1.02
2013	01	7.25	5.47	-0.11	4.50	0.97
2013	02	7.25	5.62	-0.07	4.50	1.12
2013	03	7.25	5.43	0.04	4.50	0.93
2013	04	7.50	5.58	0.20	4.50	1.08
2013	05	8.00	5.67	0.36	4.50	1.17
2013	06	8.00	5.65	0.50	4.50	1.15
2013	07	8.50	5.89	0.59	4.50	1.39
2013	08	9.00	6.12	0.62	4.50	1.62
2013	09	9.00	6.22	0.61	4.50	1.72
2013	10	9.50	6.19	0.59	4.50	1.69
2013	11	10.00	6.09	0.57	4.50	1.59
2013	12	10.00	6.09	0.55	4.50	1.59
2014	01	10.50	6.00	0.54	4.50	1.50
2014	02	10.75	6.12	0.50	4.50	1.62
2014	03	10.75	6.10	0.43	4.50	1.60
2014	04	11.00	5.95	0.33	4.50	1.45
2014	05	11.00	6.01	0.21	4.50	1.51
2014	06	11.00	5.90	0.08	4.50	1.40
2014	07	11.00	6.03	0.00	4.50	1.53
2014	08	11.00	6.24	0.00	4.50	1.74
2014	09	11.00	6.33	0.01	4.50	1.83
2014	10	11.25	6.38	-0.02	4.50	1.88
2014	11	11.25	6.57	-0.15	4.50	2.07
2014	12	11.75	6.61	-0.41	4.50	2.11
2015	01	12.25	6.61	-0.83	4.50	2.11
2015	02	12.25	6.54	-1.37	4.50	2.04
2015	03	12.75	6.17	-1.95	4.50	1.67
];

selic = [
2003	01	25.50
2003	02	26.50
2003	03	26.50
2003	04	26.50
2003	05	26.50
2003	06	26.00
2003	07	24.50
2003	08	22.00
2003	09	20.00
2003	10	19.00
2003	11	17.50
2003	12	16.50
2004	01	16.50
2004	02	16.50
2004	03	16.25
2004	04	16.00
2004	05	16.00
2004	06	16.00
2004	07	16.00
2004	08	16.00
2004	09	16.25
2004	10	16.75
2004	11	17.25
2004	12	17.75
2005	01	18.25
2005	02	18.75
2005	03	19.25
2005	04	19.50
2005	05	19.75
2005	06	19.75
2005	07	19.75
2005	08	19.75
2005	09	19.50
2005	10	19.00
2005	11	18.50
2005	12	18.00
2006	01	17.25
2006	02	17.25
2006	03	16.50
2006	04	15.75
2006	05	15.25
2006	06	15.25
2006	07	14.75
2006	08	14.25
2006	09	14.25
2006	10	13.75
2006	11	13.25
2006	12	13.25
2007	01	13.00
2007	02	13.00
2007	03	12.75
2007	04	12.50
2007	05	12.50
2007	06	12.00
2007	07	11.50
2007	08	11.50
2007	09	11.25
2007	10	11.25
2007	11	11.25
2007	12	11.25
2008	01	11.25
2008	02	11.25
2008	03	11.25
2008	04	11.75
2008	05	11.75
2008	06	12.25
2008	07	13.00
2008	08	13.00
2008	09	13.75
2008	10	13.75
2008	11	13.75
2008	12	13.75
2009	01	12.75
2009	02	12.75
2009	03	11.25
2009	04	10.25
2009	05	10.25
2009	06	9.25
2009	07	8.75
2009	08	8.75
2009	09	8.75
2009	10	8.75
2009	11	8.75
2009	12	8.75
2010	01	8.75
2010	02	8.75
2010	03	8.75
2010	04	9.50
2010	05	9.50
2010	06	10.25
2010	07	10.75
2010	08	10.75
2010	09	10.75
2010	10	10.75
2010	11	10.75
2010	12	10.75
2011	01	11.25
2011	02	11.25
2011	03	11.75
2011	04	12.00
2011	05	12.00
2011	06	12.25
2011	07	12.50
2011	08	12.50
2011	09	12.00
2011	10	11.50
2011	11	11.00
2011	12	11.00
2012	01	10.50
2012	02	10.50
2012	03	9.75
2012	04	9.00
2012	05	8.50
2012	06	8.50
2012	07	8.00
2012	08	7.50
2012	09	7.50
2012	10	7.25
2012	11	7.25
2012	12	7.25
2013	01	7.25
2013	02	7.25
2013	03	7.25
2013	04	7.50
2013	05	8.00
2013	06	8.00
2013	07	8.50
2013	08	9.00
2013	09	9.00
2013	10	9.50
2013	11	10.00
2013	12	10.00
2014	01	10.50
2014	02	10.75
2014	03	10.75
2014	04	11.00
2014	05	11.00
2014	06	11.00
2014	07	11.00
2014	08	11.00
2014	09	11.00
2014	10	11.25
2014	11	11.25
2014	12	11.75
2015	01	12.25
2015	02	12.25
2015	03	12.75
];
